,Diagram 0,Diagram 1,Diagram 2,Diagram 3,Diagram 4,Diagram 5,Diagram 6,Diagram 7,Diagram 8,Diagram 9,Diagram 10,Diagram 11,Diagram 12,Diagram 13,Diagram 14,Diagram 15,Diagram 16,Diagram 17,Diagram 18,Diagram 19,Diagram 20,Diagram 21,Diagram 22,Diagram 23,Diagram 24,Diagram 25,Diagram 26,Diagram 27,Diagram 28,Diagram 29,Diagram 30,Diagram 31,Diagram 32,Diagram 33,Diagram 34,Diagram 35,Diagram 36,Diagram 37,Diagram 38,Diagram 39,Diagram 40,Diagram 41,Diagram 42,Diagram 43,Diagram 44,Diagram 45,Diagram 46,Diagram 47,Diagram 48,Diagram 49,Diagram 50,Diagram 51,Diagram 52,Diagram 53,Diagram 54,Diagram 55,Diagram 56,Diagram 57,Diagram 58,Diagram 59,Diagram 60,Diagram 61,Diagram 62,Diagram 63,Diagram 64,Diagram 65,Diagram 66,Diagram 67,Diagram 68,Diagram 69,Diagram 70,Diagram 71,Diagram 72,Diagram 73,Diagram 74,Diagram 75,Diagram 76,Diagram 77,Diagram 78,Diagram 79,Diagram 80,Diagram 81,Diagram 82,Diagram 83,Diagram 84,Diagram 85,Diagram 86,Diagram 87
Diagram 0,0.0,9.100947979858343e-13,1.7912396568782848e-12,2.670311453579082e-13,7.615974236398089e-13,6.435940713278073e-12,5.135270289454746e-13,5.5313746988175866e-11,6.2323262023669274e-12,1.0235830205415279e-12,6.407185238910708e-11,1.5510571723445398e-10,2.830808330306508e-12,2.138520390592124e-11,2.9462181417585436e-12,2.6155849873452655e-11,1.2079152568371773e-12,3.3215981690769155e-12,1.2643261891150523e-12,1.8553085156848204e-13,6.622761246175555e-13,3.761258644240676e-12,3.6799556890043e-11,1.0113919864438119e-12,1.6825879365377757e-12,7.664213587637132e-13,5.9033405660709105e-12,4.0822196452993654e-13,1.4370698502771957e-11,5.2801512106716815e-11,7.876134451152456e-12,2.516175545286672e-10,1.5200693994525135e-12,3.221183430733791e-11,4.809215734324532e-13,5.995193284395586e-12,1.797794338603021e-12,5.027044898023081e-12,1.294176774877659e-11,5.4675784947725234e-12,3.681085682940074e-12,5.709505573054494e-12,1.3110971409134241e-11,1.0427837186647454e-11,1.8625212724631177e-11,1.0258432687279764e-11,1.3288765856052817e-11,2.1319522271043602e-11,1.494345127052072e-11,3.446207903001466e-12,4.451759650999391e-12,1.0279218332663264e-11,5.1598524492573016e-11,2.283273578538981e-11,4.0503739784768155e-12,2.880792564799054e-10,3.399720103477996e-12,2.604580464294023e-12,7.181579504701635e-13,2.5586206873866884e-13,6.0737952097219e-12,2.5029180637725868e-12,3.2549029356571214e-12,2.0385219791662747e-11,2.227148317337635e-12,1.0428047643576212e-12,2.0910733053824103e-12,1.3634982427512852e-12,1.9149533008229182e-12,2.2076220356505544e-13,2.6112996753165155e-12,5.014629851428568e-13,9.521680241104662e-13,3.0168485661646284e-11,3.0896390837566545e-11,5.5058740657070155e-11,1.302443953730746e-13,2.1624074755510553e-13,1.924929706698857e-11,5.9001067340294225e-12,3.703357418615054e-13,1.4582355019903634e-12,3.03792269696587e-13,3.254634713267988e-13,1.4873271948798733e-11,7.0960182478779785e-12,1.8805939128747015e-12,6.2433459011879866e-12
Diagram 1,9.100947979858343e-13,0.0,8.811448588924507e-13,1.020937273045067e-12,1.9268166528057797e-13,5.525845915292239e-12,4.445147864555214e-13,5.4403652190190035e-11,5.322231404381094e-12,9.068030027105533e-13,6.316175759112125e-11,1.5419562243646815e-10,1.920713532320674e-12,2.047510910793541e-11,2.0837733391324583e-12,2.5245755075466817e-11,3.2066445405721843e-13,2.411503371091081e-12,5.923539690871979e-13,7.738721733213755e-13,2.5848689457881227e-13,2.851163846254842e-12,3.588946209205716e-11,2.0119367254716644e-13,8.553834454635841e-13,4.1588431083802927e-13,4.993245768085076e-12,5.018728334558978e-13,1.3460603704786123e-11,5.1891417308730984e-11,6.966039653166623e-12,2.5070745973068143e-10,6.440491100722214e-13,3.2265082540063753e-11,4.767774438965578e-13,5.085098486409751e-12,8.876995406171868e-13,4.116950100037247e-12,1.2031672950790756e-11,4.55748369678669e-12,2.821235199283098e-12,4.79941077506866e-12,1.2200876611148405e-11,9.517742388661618e-12,1.7715117926645343e-11,9.348337889293928e-12,1.2378671058066982e-11,2.0409427473057764e-11,1.4059211098042637e-11,2.536113105015632e-12,3.541664853013557e-12,9.36912353467743e-12,5.0688429694587185e-11,2.194647421727725e-11,3.1402791804909816e-12,2.871691616819196e-10,2.5873685560152292e-12,1.6944856663081886e-12,2.0081802710598154e-13,6.778612256489902e-13,5.274435287883662e-12,1.5928232657867522e-12,2.4451964616001213e-12,1.947512499367691e-11,1.9899466725432547e-12,2.619977409692974e-13,1.207311303703271e-12,5.696968909643123e-13,1.0048585028370847e-12,7.182102610696865e-13,1.7012048773306814e-12,4.325080271932845e-13,4.572230588080152e-13,2.9258390863660446e-11,2.998629603958071e-11,5.414864585908432e-11,8.707015262448109e-13,7.932543814658162e-13,1.8339202269002738e-11,4.990011936043588e-12,5.951077647332367e-13,6.058253599607445e-13,1.171063992181425e-12,7.238298152317277e-13,1.4037707960606789e-11,6.185923449892143e-12,1.8061510777854533e-12,5.333251103202151e-12
Diagram 2,1.7912396568782848e-12,8.811448588924507e-13,0.0,1.9020821319375173e-12,1.029642233238476e-12,4.813890938804661e-12,1.317705866152383e-12,5.3522507331297583e-11,4.441086545488643e-12,1.339729754845796e-12,6.22806127322288e-11,1.533144775775757e-10,1.4459699756743803e-12,1.9593964249042958e-11,2.1069718738842094e-12,2.436461021657437e-11,6.529152988194232e-13,1.53035851219863e-12,9.90642454811698e-13,1.6550170322138262e-12,1.1289635322607296e-12,2.2968480710679177e-12,3.500831723316471e-11,7.79847670434473e-13,1.1009998232859852e-12,1.0703965628854363e-12,4.112100909192625e-12,1.3830176923483483e-12,1.2579458845893671e-11,5.101027244983853e-11,6.0848947942741725e-12,2.49826314871789e-10,7.61192997113679e-13,3.3044766981393265e-11,1.3103180834458316e-12,4.2039536275173006e-12,2.2812438288315073e-13,3.359319842038977e-12,1.1150528091898305e-11,3.6763388378942394e-12,2.495535363201753e-12,3.9590355173841375e-12,1.1319731752255955e-11,8.636597529769166e-12,1.683397306775289e-11,8.467193030401481e-12,1.1497526199174531e-11,1.9528282614165313e-11,1.3464666241160971e-11,1.899146589219745e-12,2.660519994121106e-12,8.487978675784978e-12,4.998798066497454e-11,2.117262134003986e-11,2.3938991943826666e-12,2.862880168230272e-10,2.382492446560926e-12,1.0221116105971632e-12,1.0730817064081214e-12,1.559006084541441e-12,5.238297029725433e-12,1.0170066893774349e-12,2.522118896116802e-12,1.8593980134784458e-11,2.4205369622128298e-12,7.484348925206641e-13,1.0794266890177424e-12,6.473049026476759e-13,2.4801027417027037e-13,1.5993551199621368e-12,1.1359854799595186e-12,1.306304883328901e-12,1.0611958039769975e-12,2.8377246004767998e-11,2.9105151180688256e-11,5.327517102252072e-11,1.7518463851372618e-12,1.6743992403582668e-12,1.7458057410110286e-11,4.204079632193724e-12,1.4226950807682854e-12,9.004817303078159e-13,2.052208851073876e-12,1.6049746741241781e-12,1.434709818696203e-11,5.405692193571933e-12,2.1303756703670486e-12,4.5310643642036895e-12
Diagram 3,2.670311453579082e-13,1.020937273045067e-12,1.9020821319375173e-12,0.0,8.724398986990414e-13,6.546783188337306e-12,5.843762657851344e-13,5.542458946323509e-11,6.34316867742616e-12,1.14574578742691e-12,6.418269486416631e-11,1.552165597095132e-10,2.9416508053657406e-12,2.1496046380980477e-11,3.0570606168177764e-12,2.6266692348511885e-11,1.31875773189641e-12,3.432440644136148e-12,1.3764150583837375e-12,2.702568524817036e-13,7.73118599676788e-13,3.872101119299909e-12,3.6910399365102235e-11,1.1222344615030443e-12,1.7934304115970082e-12,8.8242805470203e-13,6.014183041130142e-12,5.235328419363313e-13,1.448154097783119e-11,5.291235458177605e-11,7.986976926211689e-12,2.517283970037265e-10,1.630911874511746e-12,3.2322676782397156e-11,6.026141933269842e-13,6.106035759454818e-12,1.908636813662254e-12,5.137887373082314e-12,1.3052610223835824e-11,5.578420969831756e-12,3.791928157999306e-12,5.820348048113727e-12,1.3221813884193473e-11,1.0538679661706684e-11,1.873605519969041e-11,1.0369275162338995e-11,1.339960833111205e-11,2.1430364746102832e-11,1.5064578542195027e-11,3.5570503780606986e-12,4.562602126058623e-12,1.0390060807722497e-11,5.170936696763225e-11,2.295449177004365e-11,4.161216453536047e-12,2.8819009895496467e-10,3.510562578537229e-12,2.7154229393532556e-12,8.310248481049761e-13,3.4307604739607656e-13,6.184637684781133e-12,2.6137605388318196e-12,3.365745410716354e-12,2.0496062266721977e-11,2.375120977967616e-12,1.1536472394168536e-12,2.2019157804416428e-12,1.4820911894554078e-12,2.025795775882151e-12,3.0945862729626796e-13,2.7221421503757476e-12,5.957772486086165e-13,1.0788910201873294e-12,3.0279328136705514e-11,3.100723331262578e-11,5.5169583132129385e-11,2.1002089328490827e-13,2.3234177075308976e-13,1.9360139542047805e-11,6.010949209088654e-12,4.793870511692321e-13,1.5690779770495963e-12,1.5012671913635818e-13,2.9710745781333923e-13,1.4984114423857966e-11,7.20686072293721e-12,2.0909313698910476e-12,6.354188376247218e-12
Diagram 4,7.615974236398089e-13,1.9268166528057797e-13,1.029642233238476e-12,8.724398986990414e-13,0.0,5.689673227724951e-12,2.88063632913907e-13,5.455214956453606e-11,5.470728778727119e-12,9.47614044194179e-13,6.331025496546727e-11,1.5434411981081416e-10,2.0692109066666992e-12,2.0623606482281436e-11,2.2549719004736178e-12,2.5394252449812844e-11,4.804498284468368e-13,2.560000745437106e-12,7.172197611777126e-13,6.253747989753501e-13,2.000709427911253e-13,2.9996612206008674e-12,3.603795946640319e-11,3.217524807696004e-13,9.572299538965828e-13,4.2262340737240333e-13,5.141743142431101e-12,3.5337545910987237e-13,1.3609101079132146e-11,5.203991468307701e-11,7.114537027512649e-12,2.508559571050274e-10,7.830342281815517e-13,3.2169250216457357e-11,3.7871068828087546e-13,5.233595860755776e-12,1.036196914963212e-12,4.265447474383272e-12,1.2180170325136781e-11,4.705981071132716e-12,2.9967787128251924e-12,4.947908149414685e-12,1.234937398549443e-11,9.666239763007643e-12,1.786361530099137e-11,9.496835263639954e-12,1.2527168432413006e-11,2.055792484740379e-11,1.4239211751185975e-11,2.684610479361657e-12,3.690162227359582e-12,9.517620909023455e-12,5.085597569343782e-11,2.212372431209197e-11,3.2887765548370066e-12,2.873176590562656e-10,2.7118599621385076e-12,1.8605337886766868e-12,1.373866045998057e-13,5.293638513029648e-13,5.435218850977923e-12,1.7413206401327776e-12,2.537557107025742e-12,1.962362236802293e-11,1.97886457429791e-12,3.0103019942070275e-13,1.3620992727945125e-12,7.045257010732649e-13,1.1533558771831099e-12,5.697128867236609e-13,1.8497022516767066e-12,2.76662650090425e-13,4.47053615723354e-13,2.940688823800647e-11,3.0134793413926734e-11,5.4297143233430344e-11,7.604679563792346e-13,6.447570071197908e-13,1.8487699643348764e-11,5.138509310389613e-12,5.450520608884116e-13,7.496346966644483e-13,1.0225666178353996e-12,5.753324408857022e-13,1.4111674525158925e-11,6.334420824238169e-12,1.8570616571527187e-12,5.481748477548177e-12
Diagram 5,6.435940713278073e-12,5.525845915292239e-12,4.813890938804661e-12,6.546783188337306e-12,5.689673227724951e-12,0.0,5.962406922552171e-12,4.887780627489779e-11,1.0062341292445935e-12,5.422067292292057e-12,5.7635911675828984e-11,1.4866977652117591e-10,3.723924946864619e-12,1.6309637775109593e-11,3.489722571519529e-12,2.341530184212041e-11,5.230360813211361e-12,3.5314988950441677e-12,5.1716145241630215e-12,6.299718088613614e-12,5.7736645886605175e-12,5.0934239193183365e-12,3.036361617676492e-11,5.4245487268342605e-12,4.76174074978224e-12,5.6695193545143595e-12,4.827979450251955e-12,6.027718748748137e-12,8.850610835396769e-12,5.23979654030288e-11,3.1875453300171523e-12,2.4518161381538915e-10,4.92077187906209e-12,3.6044024976045854e-11,5.95501913984562e-12,1.7707076216447616e-12,4.81181032736925e-12,1.84213179348132e-12,6.505827035498519e-12,1.9230807223916224e-12,2.8534103637208894e-12,1.2240201744386666e-12,6.747030916774256e-12,3.991896473369383e-12,1.8114389628144804e-11,3.8485745049258704e-12,8.279981820739346e-12,1.4883581557765522e-11,1.0192688169173457e-11,3.0151598037478824e-12,2.179596607815425e-12,3.881402454278272e-12,4.706595615589731e-11,1.6434051084367014e-11,2.434072531067222e-12,2.816433157666273e-10,3.5319015953460497e-12,3.83136024898405e-12,5.71778276280791e-12,6.20370714094123e-12,4.656994580505458e-12,4.001454804104514e-12,3.193146503416455e-12,1.394927907838467e-11,4.208792395940437e-12,5.426418668242979e-12,4.344867407895662e-12,5.072442470526787e-12,4.663424314634067e-12,6.244056176361926e-12,3.846015737316831e-12,5.9510059397286885e-12,5.483772689167606e-12,2.3732544948368208e-11,2.4460450124288466e-11,4.9860076525014386e-11,6.39654744153705e-12,6.319100296758054e-12,1.2813356353710499e-11,1.9226680747486296e-12,6.067396137168074e-12,4.9777052112877085e-12,6.696909907473664e-12,6.249675730523966e-12,1.58104621149982e-11,2.409806483391991e-12,4.6511170792026236e-12,2.4749867706810722e-12
Diagram 6,5.135270289454746e-13,4.445147864555214e-13,1.317705866152383e-12,5.843762657851344e-13,2.88063632913907e-13,5.962406922552171e-12,0.0,5.484021319744996e-11,5.7587924116410256e-12,9.934864269432872e-13,6.359831859838118e-11,1.5463218344372808e-10,2.3572745395806063e-12,2.091167011519534e-11,2.497297015493368e-12,2.568231608272675e-11,7.343814661112756e-13,2.848064378351013e-12,9.061107597329671e-13,3.373111660614433e-13,2.9738166470455366e-13,3.2877248535147745e-12,3.632602309931709e-11,5.551230245772339e-13,1.2090541458118738e-12,4.981041946153027e-13,5.429806775345009e-12,1.5023860833333147e-13,1.3897164712046054e-11,5.2327978315990915e-11,7.402600660426555e-12,2.511440207379414e-10,1.0465356087266117e-12,3.203436575570547e-11,3.4397419247227454e-13,5.5216594936696835e-12,1.3242605478771189e-12,4.553511107297179e-12,1.2468233958050689e-11,4.9940447040466216e-12,3.2371459485244296e-12,5.235971782328592e-12,1.2637437618408338e-11,9.95430339592155e-12,1.8151678933905274e-11,9.784898896553862e-12,1.2815232065326913e-11,2.0845988480317698e-11,1.4501075775884148e-11,2.9726741122755643e-12,3.978225860273489e-12,9.805684541937362e-12,5.1124990701847116e-11,2.239098900373277e-11,3.576840187750914e-12,2.876057226891795e-10,2.945938936638269e-12,2.1310466735681213e-12,2.835717881394482e-13,3.0444287618100334e-13,5.673949405188958e-12,2.0293842730466845e-12,2.7813691449312196e-12,1.991168600093684e-11,2.0697783729036892e-12,5.692709736317191e-13,1.6175395146565082e-12,9.20131410583164e-13,1.4414195100970167e-12,3.3484542017955865e-13,2.1377658845906137e-12,7.128794035237605e-14,6.064587305155986e-13,2.9694951870920383e-11,3.0422857046840645e-11,5.458520686634425e-11,5.420573958557207e-13,3.5669337420588384e-13,1.877576327626267e-11,5.426572943303521e-12,3.9806401076081895e-13,1.0018772481570499e-12,7.345029849214926e-13,2.8726880797179524e-13,1.4399738158072833e-11,6.622484457152077e-12,1.925232674645471e-12,5.769812110462083e-12
Diagram 7,5.5313746988175866e-11,5.4403652190190035e-11,5.3522507331297583e-11,5.542458946323509e-11,5.455214956453606e-11,4.887780627489779e-11,5.484021319744996e-11,0.0,4.9081420785808934e-11,5.4299873567189856e-11,3.071607309700925e-11,9.979197024627811e-11,5.2482938657869355e-11,3.392854308225462e-11,5.236752884641732e-11,3.9270433575446696e-11,5.410583173133869e-11,5.199214881909895e-11,5.4049420799060806e-11,5.5177524363511405e-11,5.4651470863558305e-11,5.155248834393519e-11,2.8052300345646452e-11,5.4302355001732056e-11,5.363115905163809e-11,5.454732562941215e-11,4.941040642210495e-11,5.490552502364593e-11,4.094304848540391e-11,7.130060748193335e-11,4.7437612537023404e-11,2.0102291671176927e-10,5.379367758872335e-11,5.517179728167217e-11,5.4832825414743404e-11,4.931855370378028e-11,5.351595264957284e-11,5.0286702090152784e-11,4.237197923939927e-11,4.984616849340334e-11,5.163266130523579e-11,4.9604241415121367e-11,4.220277557904162e-11,4.488590980152841e-11,3.6996521231150055e-11,4.50553143008961e-11,4.2024981132123046e-11,3.399422471713227e-11,4.0381904903101066e-11,5.186753908517439e-11,5.086198733717647e-11,4.50345286555126e-11,6.614631563256533e-11,3.275442586101736e-11,5.126337300969905e-11,2.330318911104597e-10,5.191402688469787e-11,5.2709166523881847e-11,5.45955890377057e-11,5.5081513415839016e-11,4.923995177845396e-11,5.281082892440328e-11,5.205884405251875e-11,3.6039434629968646e-11,5.3086598670838225e-11,5.427094222381824e-11,5.3222673682793455e-11,5.3950248745424575e-11,5.339879368735295e-11,5.512186245125972e-11,5.270244731285934e-11,5.482881221462648e-11,5.436157896406541e-11,3.1691590068504684e-11,2.592337542534684e-11,6.301992487403365e-11,5.527435371643484e-11,5.519690657165584e-11,3.606444992118729e-11,4.941364025414644e-11,5.494520241206586e-11,5.3855511486185495e-11,5.557471618237145e-11,5.512748200542176e-11,4.5506866702974616e-11,4.821772874029789e-11,5.3479477672076694e-11,4.9070401086987874e-11
Diagram 8,6.2323262023669274e-12,5.322231404381094e-12,4.441086545488643e-12,6.34316867742616e-12,5.470728778727119e-12,1.0062341292445935e-12,5.7587924116410256e-12,4.9081420785808934e-11,0.0,5.218452781380911e-12,5.7839526186740135e-11,1.4887339103208706e-10,3.825782989460712e-12,1.6239558228041876e-11,3.286108060608385e-12,2.3715988483033286e-11,5.0244109455297505e-12,3.0313842412932338e-12,4.968000013251875e-12,6.096103577702469e-12,5.570050077749373e-12,5.2063523325916505e-12,3.056723068767607e-11,5.220934215923116e-12,4.5497382658291525e-12,5.465904843603215e-12,4.798145586053586e-12,5.8241042378369915e-12,8.82662305408853e-12,5.241493689019984e-11,2.7178413239049696e-12,2.4538522832630034e-10,4.712256802914414e-12,3.6286126689938655e-11,5.751404628934474e-12,1.2648201468357203e-12,4.4345318637639065e-12,2.113599163610283e-12,6.709441546409664e-12,2.0691844467512498e-12,2.551240519426855e-12,1.538131699405417e-12,6.87864520676731e-12,4.198229498567229e-12,1.8110850639416555e-11,4.060808445360571e-12,8.544286513342597e-12,1.5087196068676667e-11,1.054726543062943e-11,2.786118299365462e-12,1.825392091921733e-12,4.046892130296336e-12,4.7478278672948866e-11,1.674298492328033e-11,2.3971580229019205e-12,2.8184693027753857e-10,3.956318547970297e-12,3.6277457380729055e-12,5.5141682518967634e-12,6.000092630030083e-12,5.302833652651838e-12,3.7294081385943415e-12,3.531997993165126e-12,1.4152893589295813e-11,4.005177885029294e-12,5.1895214380093065e-12,4.141252896984518e-12,4.868827959615643e-12,4.317372901544009e-12,6.04044166545078e-12,3.621026527050413e-12,5.747391428817544e-12,5.2801581782564616e-12,2.3936159459279352e-11,2.4664064635199614e-11,5.0148556434624135e-11,6.192932930625905e-12,6.11548578584691e-12,1.3016970864621644e-11,2.2986467552841653e-12,5.8637816262569284e-12,4.774090700376564e-12,6.493295396562518e-12,6.046061219612821e-12,1.6193643126406546e-11,2.8253148287350292e-12,4.8932187930954254e-12,2.917809681542587e-12
Diagram 9,1.0235830205415279e-12,9.068030027105533e-13,1.339729754845796e-12,1.14574578742691e-12,9.47614044194179e-13,5.422067292292057e-12,9.934864269432872e-13,5.4299873567189856e-11,5.218452781380911e-12,0.0,6.305797896812107e-11,1.5409184381346794e-10,1.816934909320491e-12,2.0371330484935227e-11,1.9323447207725268e-12,2.5141976452466635e-11,8.813117630901912e-13,2.500023639679687e-12,6.243410061557752e-13,9.108661922724593e-13,7.621695101961368e-13,2.7874431900820147e-12,3.5785683469056976e-11,8.903925787640126e-13,7.384311880506445e-13,5.259336027111846e-13,4.8894671450848925e-12,8.935104247794356e-13,1.335682508178594e-11,5.17876386857308e-11,6.862261030166441e-12,2.5060368110768133e-10,7.397034050745039e-13,3.2074288333346264e-11,6.624804082698983e-13,4.981319863409568e-12,1.1579825236515901e-12,4.013171477037064e-12,1.1927894327790574e-11,4.453705073786508e-12,2.667212261954057e-12,4.695632152068478e-12,1.2097097988148223e-11,9.413963765661436e-12,1.761133930364516e-11,9.244559266293746e-12,1.22748924350668e-11,2.0305648850057582e-11,1.39295778495347e-11,2.432334482015449e-12,3.437886230013375e-12,9.265344911677246e-12,5.0584651071587e-11,2.1818862364403792e-11,3.0365005574907987e-12,2.870653830589194e-10,2.3858466824919793e-12,1.7044323394561906e-12,8.944657432173679e-13,9.239534914257684e-13,5.059921788735883e-12,1.4890446427865696e-12,2.2410295146711047e-12,1.937134637067673e-11,1.3070230455375912e-12,1.11989051082265e-12,1.2776096890117882e-12,7.540320780566052e-13,1.3547769727955236e-12,9.152879407646741e-13,1.6862377077300424e-12,9.886658404545858e-13,5.52461378216986e-13,2.915461224066026e-11,2.988251741658053e-11,5.404486723608413e-11,9.76863901768369e-13,9.489147065786988e-13,1.8235423646002552e-11,4.8862333130434045e-12,7.913638452079812e-13,7.035576013872619e-13,1.2748426151816074e-12,1.0100825295684393e-12,1.3956975703908071e-11,6.082144826891961e-12,9.697570139556616e-13,5.2294724802019686e-12
Diagram 10,6.407185238910708e-11,6.316175759112125e-11,6.22806127322288e-11,6.418269486416631e-11,6.331025496546727e-11,5.7635911675828984e-11,6.359831859838118e-11,3.071607309700925e-11,5.7839526186740135e-11,6.305797896812107e-11,0.0,9.135828970450519e-11,6.124104405880056e-11,6.128762638205721e-11,6.112563424734854e-11,6.998650667245594e-11,6.286393713226991e-11,6.075025422003016e-11,6.280752619999203e-11,6.393562976444263e-11,6.340957626448952e-11,6.03105937448664e-11,3.1779726417602975e-11,6.306046040266327e-11,6.23892644525693e-11,6.330543103034337e-11,5.8168511823036145e-11,6.366363042457714e-11,5.2451681923770614e-11,1.020166805789426e-10,5.61957179379546e-11,1.875457021395602e-10,6.255178298965456e-11,8.588787037868141e-11,6.359093081567462e-11,5.807665910471148e-11,6.227405805050405e-11,5.904480749108399e-11,5.113008464033046e-11,5.860427389433454e-11,6.0390766706167e-11,5.836234681605257e-11,5.096088097997282e-11,5.3644015202459615e-11,6.77125943281593e-11,5.38134197018273e-11,5.333051112910763e-11,4.517604916215017e-11,4.912840111858634e-11,6.06256444861056e-11,5.962009273810767e-11,5.379263405644379e-11,9.686238872957456e-11,4.123911660371725e-11,6.002147841063024e-11,2.2400740409079833e-10,6.067213228562908e-11,6.146727192481305e-11,6.335369443863691e-11,6.383961881677023e-11,5.799805717938516e-11,6.156893432533448e-11,6.081694945344996e-11,4.3686632597444317e-11,6.184470407176944e-11,6.302904762474946e-11,6.198077908372467e-11,6.27083541463558e-11,6.215689908828417e-11,6.387996785219093e-11,6.146055271379056e-11,6.358691761555769e-11,6.311968436499661e-11,5.5265582690593696e-11,3.3175461551540515e-11,9.076626644243857e-11,6.403245911736606e-11,6.395501197258706e-11,4.482255532211848e-11,5.817174565507763e-11,6.370330781299708e-11,6.261361688711671e-11,6.433282158330266e-11,6.388558740635297e-11,5.825690641550736e-11,5.697583414122908e-11,6.223758307300791e-11,5.782850648791907e-11
Diagram 11,1.5510571723445398e-10,1.5419562243646815e-10,1.533144775775757e-10,1.552165597095132e-10,1.5434411981081416e-10,1.4866977652117591e-10,1.5463218344372808e-10,9.979197024627811e-11,1.4887339103208706e-10,1.5409184381346794e-10,9.135828970450519e-11,0.0,1.5227490890414747e-10,1.3372051332853273e-10,1.5215949909269543e-10,1.289498673610013e-10,1.538978019776168e-10,1.5178411906537704e-10,1.5384139104533892e-10,1.5496949460978952e-10,1.5444344110983643e-10,1.513444585902133e-10,1.1830616034441098e-10,1.5409432524801017e-10,1.534231292979162e-10,1.5433929587569025e-10,1.4920237666838307e-10,1.5469749526992405e-10,1.4073501873168202e-10,1.0230420512773716e-10,1.4722958278330152e-10,2.2841565209106278e-10,1.5358564783500146e-10,1.2289388292711606e-10,1.5462479566102155e-10,1.491105239500584e-10,1.5330792289585094e-10,1.500786723364309e-10,1.421639494856774e-10,1.4963813873968143e-10,1.514246315515139e-10,1.4939621166139946e-10,1.4199474582531973e-10,1.4467788004780652e-10,1.364805045098228e-10,1.4484728454717422e-10,1.4181695137840115e-10,1.3378619496341038e-10,1.4016226596393326e-10,1.516595093314525e-10,1.5065395758345458e-10,1.4482649890179071e-10,1.0350719274188095e-10,1.3227298144906416e-10,1.5105534325597717e-10,2.5622429639397524e-10,1.5170599713097598e-10,1.5250113677015995e-10,1.543875592839838e-10,1.5487348366211714e-10,1.4903192202473207e-10,1.526027991706814e-10,1.5185081429879686e-10,1.3472049744279125e-10,1.5287856891711636e-10,1.5406291247009634e-10,1.5301464392907155e-10,1.5374221899170268e-10,1.5319076393363105e-10,1.5491383269753784e-10,1.5249441755913748e-10,1.5462078246090458e-10,1.541535492103435e-10,1.2493723157280768e-10,1.2420932639688745e-10,1.0004697657738382e-10,1.5506632396271296e-10,1.5498887681793394e-10,1.3585642016746541e-10,1.4920561050042455e-10,1.5473717265834397e-10,1.5364748173246362e-10,1.5536668642864956e-10,1.5491945225169985e-10,1.4023244528565524e-10,1.48009698986576e-10,1.532714479183548e-10,1.48862371333266e-10
Diagram 12,2.830808330306508e-12,1.920713532320674e-12,1.4459699756743803e-12,2.9416508053657406e-12,2.0692109066666992e-12,3.723924946864619e-12,2.3572745395806063e-12,5.2482938657869355e-11,3.825782989460712e-12,1.816934909320491e-12,6.124104405880056e-11,1.5227490890414747e-10,0.0,1.8554395575614736e-11,1.459264989113232e-12,2.3325041543146144e-11,1.6228930734693309e-12,2.020433861298372e-12,1.5664821411914559e-12,2.694585705642049e-12,2.1685322056889527e-12,1.5438815687788273e-12,3.396874855973649e-11,1.819416343862696e-12,1.231442933141727e-12,2.0643869715427947e-12,3.2031731060811804e-12,2.4225863657765715e-12,1.1539890172465448e-11,5.008962078976006e-11,5.854637901183815e-12,2.487867461983607e-10,1.3107389308539947e-12,3.246034370047794e-11,2.349886756874055e-12,3.967543470329205e-12,1.2636367035502214e-12,2.2693538500989357e-12,1.0110959418470081e-11,2.6367701644660156e-12,1.6916075378557697e-12,2.9880895075635656e-12,1.0280163078827733e-11,7.597028856340946e-12,1.579440439432467e-11,7.427624356973258e-12,1.0457957525746309e-11,1.8488713940737087e-11,1.2337291443021573e-11,1.3398660251952172e-12,2.4942365865668172e-12,7.448410002356754e-12,4.8878132977004804e-11,2.0115494471602092e-11,1.5900550746131902e-12,2.8524844814959893e-10,1.1717985977993982e-12,1.2806850861130169e-12,2.1126503798363446e-12,2.598574757969664e-12,3.889742245093537e-12,8.656559981667915e-13,1.2189237143240269e-12,1.7554411461356236e-11,1.952226343576304e-12,1.7880035659488872e-12,1.208575269409004e-12,1.4790459380317831e-12,1.2981216760117534e-12,2.63892379339036e-12,1.3606143810663713e-12,2.345873556757124e-12,1.878640306196042e-12,2.7337677331339773e-11,2.806558250726003e-11,5.2227932326763644e-11,2.791415058565485e-12,2.71396791378649e-12,1.6418488736682064e-11,3.1153442876775457e-12,2.4622637541965088e-12,1.3725728283161446e-12,3.091777524502099e-12,2.644543347552401e-12,1.308185372028354e-11,4.2770794396847535e-12,1.0674358036347135e-12,3.4443884949074274e-12
Diagram 13,2.138520390592124e-11,2.047510910793541e-11,1.9593964249042958e-11,2.1496046380980477e-11,2.0623606482281436e-11,1.6309637775109593e-11,2.091167011519534e-11,3.392854308225462e-11,1.6239558228041876e-11,2.0371330484935227e-11,6.128762638205721e-11,1.3372051332853273e-10,1.8554395575614736e-11,0.0,1.8550148927472832e-11,1.1650783641139744e-11,2.0177288649084064e-11,1.8063605736844328e-11,2.012087771680619e-11,2.1248981281256783e-11,2.0722927781303687e-11,1.7623945261680566e-11,2.9930863930217875e-11,2.037381191947743e-11,1.970261596938347e-11,2.061878254715753e-11,1.5481863339850335e-11,2.0976981941391308e-11,8.8359444582866e-12,4.072905419688538e-11,1.3985160602287695e-11,2.3159446999681725e-10,1.986513450646873e-11,2.4600243996624195e-11,2.0904282332488792e-11,1.5631084645792487e-11,1.958740956731822e-11,1.7136761357770966e-11,1.8426889575707885e-11,1.6517398543778446e-11,1.8293491969075263e-11,1.715109924194046e-11,1.4095152088349322e-11,1.6977952920256904e-11,6.424967946102093e-12,1.6751524222490293e-11,1.3762666091181654e-11,1.6111577219907047e-11,2.0951712335643393e-11,1.8071515772759726e-11,1.6933444254921853e-11,1.5219547154862108e-11,3.6422545820134356e-11,2.2822774480808654e-11,1.8120775075684744e-11,2.666940525739842e-10,1.873339301600932e-11,1.878062344162722e-11,2.066704595545108e-11,2.1152970333584397e-11,1.8430056283781852e-11,1.8882285842148657e-11,1.8607887039179835e-11,2.1056811148821548e-11,1.93745608565565e-11,2.0342399141563622e-11,1.9294130600538832e-11,2.0021705663169956e-11,1.9470250605098322e-11,2.1193319369005093e-11,1.8773904230604728e-11,2.090026913237186e-11,2.0433035881810775e-11,9.598640904834275e-12,3.0710254098579044e-11,3.738001379911825e-11,2.134581063418022e-11,2.1268363489401225e-11,2.1833158456027784e-11,1.7972648789597313e-11,2.1016659329811243e-11,1.992696840393088e-11,2.1646173100116835e-11,2.1198938923167135e-11,1.6509965830852573e-11,1.744550702254255e-11,1.9550934589822075e-11,1.8250504746511612e-11
Diagram 14,2.9462181417585436e-12,2.0837733391324583e-12,2.1069718738842094e-12,3.0570606168177764e-12,2.2549719004736178e-12,3.489722571519529e-12,2.497297015493368e-12,5.236752884641732e-11,3.286108060608385e-12,1.9323447207725268e-12,6.112563424734854e-11,1.5215949909269543e-10,1.459264989113232e-12,1.8550148927472832e-11,0.0,2.4032082791243004e-11,1.851518336463139e-12,2.3689785084012637e-12,1.6818919526434915e-12,2.8099955170940854e-12,2.292701006631581e-12,2.958435547561834e-12,3.3853338748284455e-11,1.9729827241669826e-12,1.3306175414085478e-12,2.179796782994831e-12,4.352447521372665e-12,2.5379961772286076e-12,1.1424480361013413e-11,5.124971816823218e-11,4.9546908564320674e-12,2.4867133638690874e-10,1.4824680038689704e-12,3.337018948739405e-11,2.4652965683260908e-12,3.167480603571687e-12,1.9361517613168294e-12,2.0961150024911248e-12,9.995549607018048e-12,2.6482710030875956e-12,7.462390747079189e-13,2.76328743129595e-12,1.0164753267375697e-11,7.481619044888911e-12,1.664759106083942e-11,7.312214545521221e-12,1.0342547714294273e-11,1.837330412928505e-11,1.2011606124320414e-11,1.0640663985598007e-12,2.2759043616253657e-12,7.33300019090472e-12,4.870120438371625e-11,1.9901519352169033e-11,1.2316924560008403e-12,2.8513303833814687e-10,1.6926142683790481e-12,1.5272332473776886e-12,2.2280601912883804e-12,2.7168326567816105e-12,3.5482886243160873e-12,1.1887102401898866e-12,1.0490220242158613e-12,1.7439001649904203e-11,9.006118951927345e-13,2.164276423890812e-12,1.1169267190102498e-12,1.640578443391209e-12,1.9130006565518355e-12,2.7543336048423958e-12,1.57506113073562e-12,2.4820915508703677e-12,1.9940501176480777e-12,2.7222267519887737e-11,2.7950172695807998e-11,5.2390734975346764e-11,2.9068248700175207e-12,2.8293777252385258e-12,1.6303078925230028e-11,2.953888592270878e-12,2.5776735656485446e-12,1.5057464801016697e-12,3.2071873359541346e-12,2.7626880776499675e-12,1.376244014073856e-11,4.149800106119434e-12,1.9673828483864607e-12,3.2971277594294414e-12
Diagram 15,2.6155849873452655e-11,2.5245755075466817e-11,2.436461021657437e-11,2.6266692348511885e-11,2.5394252449812844e-11,2.341530184212041e-11,2.568231608272675e-11,3.9270433575446696e-11,2.3715988483033286e-11,2.5141976452466635e-11,6.998650667245594e-11,1.289498673610013e-10,2.3325041543146144e-11,1.1650783641139744e-11,2.4032082791243004e-11,0.0,2.4947934616615475e-11,2.2882989594163194e-11,2.48915236843376e-11,2.6019627248788194e-11,2.5493573748835098e-11,2.2394591229211974e-11,3.862974422061659e-11,2.514445788700884e-11,2.4473261936914877e-11,2.538942851468894e-11,2.0276062172076904e-11,2.5747627908922715e-11,2.038441467490936e-11,3.203017390648666e-11,2.521091640393412e-11,2.402933502872159e-10,2.463578047400014e-11,1.5901363706225478e-11,2.56749283000202e-11,2.3311677672640003e-11,2.4358055534849632e-11,2.2484206468697904e-11,2.8681664061089003e-11,2.1739714278501635e-11,2.3824762112122552e-11,2.267917794830716e-11,2.473840597036077e-11,2.5610664520727926e-11,7.662833836165749e-12,2.4056622412987547e-11,1.828611283935747e-11,2.5254953472280845e-11,2.5021680304757476e-11,2.310586091555854e-11,2.2857905991129805e-11,2.219755826354797e-11,2.923333101933382e-11,3.003444800379855e-11,2.3180560791004112e-11,2.7230232468590644e-10,2.2756129769974658e-11,2.357201393604796e-11,2.543769192298249e-11,2.5923616301115808e-11,2.1812539278315e-11,2.3652931809680065e-11,2.3557697048876418e-11,2.8709553356981126e-11,2.4618059743469866e-11,2.5113045109095033e-11,2.411457901029398e-11,2.4792351630701367e-11,2.4240896572629736e-11,2.5963965336536504e-11,2.358918535547548e-11,2.567091509990327e-11,2.5203681849342186e-11,1.8297521195232992e-11,3.940913438897777e-11,2.9093918072944176e-11,2.611645660171163e-11,2.6039009456932636e-11,3.05320387464265e-11,2.3530410709399198e-11,2.5787305297342654e-11,2.469761437146229e-11,2.6416819067648242e-11,2.5969584890698546e-11,1.8328708447642957e-11,2.282167893426309e-11,2.4321580557353486e-11,2.3189097514124886e-11
Diagram 16,1.2079152568371773e-12,3.2066445405721843e-13,6.529152988194232e-13,1.31875773189641e-12,4.804498284468368e-13,5.230360813211361e-12,7.343814661112756e-13,5.410583173133869e-11,5.0244109455297505e-12,8.813117630901912e-13,6.286393713226991e-11,1.538978019776168e-10,1.6228930734693309e-12,2.0177288649084064e-11,1.851518336463139e-12,2.4947934616615475e-11,0.0,2.1136829122397374e-12,4.049737425124175e-13,1.071692632172719e-12,5.456391322196221e-13,2.553343387403499e-12,3.559164163320582e-11,2.0961117332786408e-13,6.835588421607762e-13,4.882414610132424e-13,4.695425309233733e-12,7.99693292307241e-13,1.3162783245934778e-11,5.159359684987964e-11,6.668219194315281e-12,2.5040963927183013e-10,4.265026425841308e-13,3.241830986842647e-11,7.448033326320597e-13,4.787278027558408e-12,5.898790817658436e-13,3.819129641185904e-12,1.1733852491939414e-11,4.2596632379353465e-12,2.516328884378355e-12,4.501590316217316e-12,1.1903056152297063e-11,9.219921929810274e-12,1.7417297467794e-11,9.050517430442586e-12,1.208085059921564e-11,2.011160701420642e-11,1.3780101693709936e-11,2.238292646164289e-12,3.2438443941622138e-12,9.071303075826085e-12,5.039666327892423e-11,2.166441189757838e-11,2.842458721639638e-12,2.8687134122306826e-10,2.3426652765673835e-12,1.4012213741630973e-12,4.897573063670139e-13,9.756816845003334e-13,5.069065189478549e-12,1.295002806935409e-12,2.3015741223663557e-12,1.9177304534825564e-11,1.965393018400261e-12,3.167475269352165e-13,9.372870172176667e-13,3.8953136166494217e-13,7.418293034741601e-13,1.0160307199210293e-12,1.4033844184793382e-12,7.229804832877936e-13,4.671357009344333e-13,2.8960570404809104e-11,2.968847558072936e-11,5.385082540023297e-11,1.1685219850961543e-12,1.0910748403171591e-12,1.8041381810151393e-11,4.692191477192245e-12,8.39370680727178e-13,4.5277300587524247e-13,1.468884451032768e-12,1.0216502740830708e-12,1.3966675467881748e-11,5.888102991040801e-12,1.7660779997278496e-12,5.035430644350807e-12
Diagram 17,3.3215981690769155e-12,2.411503371091081e-12,1.53035851219863e-12,3.432440644136148e-12,2.560000745437106e-12,3.5314988950441677e-12,2.848064378351013e-12,5.199214881909895e-11,3.0313842412932338e-12,2.500023639679687e-12,6.075025422003016e-11,1.5178411906537704e-10,2.020433861298372e-12,1.8063605736844328e-11,2.3689785084012637e-12,2.2882989594163194e-11,2.1136829122397374e-12,0.0,2.0781229922698406e-12,3.1853755444124565e-12,2.6593220444593597e-12,3.2536524090958486e-12,3.347795872096608e-11,2.310206182633103e-12,1.8949797893754123e-12,2.5551768103132016e-12,2.8003678325355593e-12,2.9133762045469788e-12,1.104910033369504e-11,5.051153264343273e-11,4.554536282075543e-12,2.482959563595904e-10,1.8015287696244018e-12,3.433342676644285e-11,2.840676595644462e-12,2.67359511531867e-12,1.5238038304738942e-12,2.4607251763105043e-12,9.620169579699675e-12,2.253542841327161e-12,2.565632395764082e-12,2.7276183557207697e-12,9.789373240057324e-12,7.1700856719766925e-12,1.6585396725142064e-11,6.936834518202851e-12,1.0130012528554718e-11,1.799792410196668e-11,1.2492576371917576e-11,1.73997599402191e-12,1.35444061877649e-12,6.957620163586348e-12,4.895487139739987e-11,1.9709271045195522e-11,2.4338549273975056e-12,2.847576583108285e-10,2.8539130078680023e-12,9.095961015084721e-13,2.603440218606751e-12,3.089364596740071e-12,5.2654046974573284e-12,1.3693030605775925e-12,3.1503601127133217e-12,1.7063621622585828e-11,3.124338149645841e-12,2.278793404719294e-12,1.400486298581832e-12,1.9580999263256295e-12,1.4066448682539967e-12,3.1297136321607673e-12,8.308655356441819e-13,2.836663395527531e-12,2.3694301449664485e-12,2.6846887492569368e-11,2.757479266848963e-11,5.1811820727676385e-11,3.282204897335892e-12,3.204757752556897e-12,1.5927698897911656e-11,3.787077185488662e-12,2.9530535929669157e-12,1.863362667086552e-12,3.5825673632725058e-12,3.1353331863228084e-12,1.50783840789229e-11,4.46482191637632e-12,3.0803245420081926e-12,3.7551255867846506e-12
Diagram 18,1.2643261891150523e-12,5.923539690871979e-13,9.90642454811698e-13,1.3764150583837375e-12,7.172197611777126e-13,5.1716145241630215e-12,9.061107597329671e-13,5.4049420799060806e-11,4.968000013251875e-12,6.243410061557752e-13,6.280752619999203e-11,1.5384139104533892e-10,1.5664821411914559e-12,2.012087771680619e-11,1.6818919526434915e-12,2.48915236843376e-11,4.049737425124175e-13,2.0781229922698406e-12,0.0,1.1281035644505937e-12,6.578267276850571e-13,2.5229282146457774e-12,3.5535230700927945e-11,4.598283253664816e-13,5.053259261589041e-13,5.146635859546747e-13,4.639014376955857e-12,8.687929661921859e-13,1.3106372313656904e-11,5.153718591760176e-11,6.6118082620374066e-12,2.5035322833955226e-10,4.4826923359221287e-13,3.2282004267060454e-11,7.834046156825991e-13,4.730867095280533e-12,8.519633667193857e-13,3.762718708908029e-12,1.1677441559661537e-11,4.203252305657472e-12,2.4167594938250216e-12,4.4451793839394426e-12,1.1846645220019188e-11,9.1635109975324e-12,1.7360886535516124e-11,8.99410649816471e-12,1.2024439666937767e-11,2.0055196081928545e-11,1.3688163483811292e-11,2.181881713886414e-12,3.187433461884339e-12,9.01489214354821e-12,5.033419830345796e-11,2.157807671165991e-11,2.7860477893617636e-12,2.868149302907904e-10,2.1353939143629437e-12,1.3402542751789706e-12,6.498001937742406e-13,1.040275297290734e-12,4.8411943801486476e-12,1.2385918746575342e-12,2.045589266347952e-12,1.9120893602547693e-11,1.5766964269588024e-12,7.064522350985503e-13,8.488714755658663e-13,4.532769538673075e-13,1.057764593856644e-12,1.0724416521989045e-12,1.3635471890520893e-12,9.034594250096998e-13,3.471811604935889e-13,2.8904159472531227e-11,2.963206464845149e-11,5.37944144679551e-11,1.224932917374029e-12,1.1474857725950343e-12,1.7984970877873522e-11,4.635780544914371e-12,8.9995242427171e-13,3.349429081853839e-13,1.525295383310643e-12,1.086130718159091e-12,1.382469278759977e-11,5.831692058762925e-12,1.363619997167825e-12,4.9790197120729334e-12
